[-37.473784398539784, -11.281392239611097]
[-95.88273182725055, -83.76842394677792]
[67.4741867251675, 15.774853578189852]
[90.78448242736282, -50.93436569324621]
[-21.7016300687564, -113.00926931695497]
[75.35089174595521, -149.6934919295645]
[-77.36272711396084, 44.50515698852744]
[-0.510843925184357, -34.768134471024496]
[44.05233694388669, -47.6083830923699]
[62.96888653034222, -0.2896373430958218]
[-54.186728987785706, 17.16039256208671]
[-52.618373689784576, -0.050944922855993946]
[79.33941388423277, -1.03211717728115]
[49.21158651569559, -6.972669430812974]
[-36.05270236228769, 6.956940825574479]
[-25.115334087980813, -11.87325882286464]
[51.3226043738557, -5.520487390653367]
[9.4561620078723, 21.91427361848386]
[1.5716700706659763, -4.206958682213523]
[5.377159975064316, -6.2585843033906805]
[13.216034484871505, 3.3031144817757676]
[-1.7608663127805237, 8.890519024610096]
[9.18348555164894, 1.657151830266748]
[12.308550860666966, -4.5451813845954145]
[0.9843340261177946, 9.146827709739243]
[-6.194521762877614, -6.659169233786603]
[-0.8136038961831995, -17.24304883286592]
[-0.3975593450262692, -0.052699839809324356]
[11.449508677739487, -12.39239080728764]
[1.6013239856080845, 1.038722164666004]
[2.761967383189121, -14.22570291203824]
[-1.364383807111891, 7.573696968821309]
[13.011647863722473, -6.816817851635223]
[-2.823009559944034, 18.78972939985439]
[7.333306878315634, 16.667560446764803]
[-11.32097705257902, 8.266655304069095]
[8.917867365297484, 1.5715426134257764]
[-0.4812318587518407, 12.186381799269867]
[-7.5523174441685414, -1.1372693362661601]
[12.886845973877437, -3.6689531507775266]
[-2.5357601215935706, 4.03685240924948]
[4.415878179094207, 1.6539363843742136]
[-4.58095483163692, -3.028215307596497]
[-2.7594580429778435, 3.8972281841182443]
[4.839167929577315, 7.050569729475637]
[3.795564567741091, 6.746359324270724]
[1.0591093522171184, 9.324283952608079]
[-1.1122679636818646, 1.7018956680366313]
[-5.726013276462637, 1.5599714198599774]
[-8.000802077466451, -1.0341515101058674]
[6.094077607660574, 1.1784880430546087]
[4.2359074028771895, 3.103082358060048]
[-1.9894088422052412, 5.954935056732112]
[0.38598437159967747, -10.13399346888516]
[4.536694261640754, -4.662702909716626]
[-6.197138579422289, -4.697442632835934]
[8.235300485039895, -6.534819144931601]
[3.8055065683586586, 5.294286473116069]
[2.1958294249968344, 2.251911658330009]
[-0.3739866634138186, -0.2150720642251125]
[-7.069412213109174, 3.5726283014567963]
[-2.443046946603328, -10.283733520782189]
[0.5202902203109557, -6.946400425756898]
[-4.039222520803539, 0.9464810738983426]
[1.0893770240180785, 6.168075598988019]
[-3.4203590923962395, -1.7339499947721648]
[2.6914530833945296, 6.435596531528617]
[-3.198792496374452, -1.4126715169234771]
[-1.9687437492902546, -3.5627512071676257]
[-5.2682919352339415, -3.088329693091054]
[0.729791031301318, 2.0204960402679917]
[-1.547965715024306, -6.618345905010119]
[5.094497755331764, -0.7526824559012117]
[1.028099306862183, -1.722855337319216]
[-2.9987755421244997, 2.4517450547449435]
[2.562832352817678, -5.221624011176253]
[-2.4824382468604176, 2.2612222051512676]
[-3.088065366727756, -1.0192753598746962]
[3.1618916640971566, -2.4628947816787035]
[-4.028749689393296, -0.9873929615230189]
[4.195941306198047, -5.548165224987352]
[-0.4519351377369685, -2.5447932560865767]
[1.7674002864711538, 2.209818983488603]
[13.167281915199084, 1.6574673489352394]
[-3.1334601962600748, -0.4292532604360283]
[3.1580134274038265, -1.014062553049087]
[-2.1144704724820462, -2.5857163889118033]
[0.4328910296987126, 3.2044511409328953]
[0.2566415239372612, -2.240606381409523]
[-0.707418163110974, 0.024949819867841283]
[2.2269324744148884, 1.068277797054748]
[-3.9472346837571504, 1.950083583852018]
[2.305720882578024, 5.646110410707182]
[-1.608051516886749, -3.962395231028885]
[1.489822589468638, -2.219461179159752]
[-5.349649405176594, -1.3488035023660556]
[-0.9245713381969916, -1.3380946879414655]
[-3.4054914777074163, 1.0461214689990639]
[1.4526862722250897, 1.403262638434004]
[1.1319087184009478, 2.9356141290787603]
[1.0482133387882324, -2.3279144287128517]
[5.695205287402097, 1.433389461875061]
[-2.9177334359495415, 0.18116610728827331]
[-0.0516105410388511, 0.44846869196887884]
[2.4560186734403042, 1.766471170774067]
[1.9662243750836803, -1.5546417722078751]
[-1.486204035988431, 0.49014300728395277]
[2.6355131726375474, 0.46490622275124005]
[-1.5887884941013763, -0.5711676530521842]
[0.9949623514914028, 4.626520111964749]
[-1.8207461618636036, 1.3688272985133298]
[-1.3962498507831533, -3.1164649668170465]
[3.1462472997023405, -0.8896915455773862]
[-2.6352335620640677, 1.9449700087941266]
[-0.48514240283130566, 2.3785600221967886]
[0.7338885594502156, -2.8763341357672796]
[-0.7257223554453843, -1.269922908147041]
[-1.7193413038967496, -0.7387705172451572]
[-0.24815606946967217, -0.7568801039350076]
[2.9243072620806174, 2.9653568171314353]
[-1.7250908936715783, -1.2269535427262326]
[-0.129234248071462, 0.5420314548688742]
[-0.02530681589087736, 0.0007346325118791075]
[0.44475471421585044, -2.696381423392159]
[2.0188245412574233, -0.008881204655445174]
[1.7037765980437425, 0.8231369346185273]
[-0.28657702266191076, 0.36783312084559716]
[1.9629769932801957, 1.074333864814034]
[-0.09676602688297654, 3.3756868628906984]
[-0.32880218591274235, -1.0134073258933707]
[0.6435177120435314, -2.3228217939483247]
[0.27099835349545576, -0.44215449077093777]
[-1.8005013481309597, 1.2797862716186919]
[1.4392557862819788, -1.0124255143193046]
[1.0076632485074297, 1.7265020750626177]
[3.1475898970315255, 0.44546675908059796]
[-2.924658448472611, -0.1918090208962695]
[1.1292879538798557, 1.2011381358774593]
[-0.7557147997496667, -1.3626436337949062]
[2.0404983666342402, -0.03188891430869589]
[-0.3976485087123861, -1.1813729579293017]
[3.9030230370246786, -1.86816812141944]
[-2.100653130642222, -0.8706714022227715]
[-0.6217922164615961, -0.5572851800409643]
[-0.5476298829189157, -0.07608958069609928]
[-1.0474252626748117, -0.9392849688514768]
[-0.644673259265182, 0.4035990882965401]
[-0.5187973544935888, -1.7976073826550971]
[-1.1401768377533945, 0.853810646240835]
[-0.6750441298684787, -0.621392519676136]
[0.08760054220180474, 1.6173574453149315]
[0.8969560996265068, 0.6835346879471104]
[-2.240051914395991, -0.34582540271900286]
[-2.231339540153739, -0.7682295885897132]
[-0.8588005661900414, 1.412234074512067]
[-1.1430477152262186, 0.3053412158480222]
[0.924769494043064, 1.0034299670560405]
[1.018502787427701, -0.3015289638209431]
[-0.7056181792407332, 0.09745307133412484]
[-1.2803829101159352, -1.4822008474394495]
[0.9271974884745404, 0.9971200334978685]
[2.650260253652182, 0.7302662268750396]
[-1.3458924925113662, 0.5581540822727646]
[0.8378414813498422, -0.4335874810576653]
[0.22455293283708894, -0.7093410601082302]
[0.3168519815367754, -1.19475213702339]
[-1.1166207778595325, -1.12286163910689]
[0.9370179436109943, 0.6515432232583023]
[0.616766725563845, 1.905624031754866]
[1.5733780418528114, 0.8182552676999042]
[-2.0822483862259684, -1.1486251907379057]
[-0.4415714167803978, -0.7631949961523801]
[-0.8355026851801706, -0.1754189177794605]
[-0.02736679990111912, 1.948237862225425]
[0.9381133559387148, 0.8551598507882332]
[0.039032035599918524, 0.5844418545933214]
[0.024204536823928202, -0.80849559665568]
[0.23348834087649428, 0.3505248551158035]
[0.1954305372441874, -0.23638292941438144]
[0.17504034832989235, -1.6432767437141405]
[0.29986224555936825, -0.5914204858171345]
[-0.4039407448881671, -1.0463826222318837]
[-0.40050172103542797, -0.3423275974831407]
[0.012319098488146163, -0.12650258054545627]
[-0.42632125153878, 0.033826796131574355]
[-0.41131293579476336, -0.40549037227137336]
[0.5414748239934164, 2.287038694264413]
[0.7595672628844083, 0.04406461790995597]
[-2.1008069808564858, 1.1541791586866677]
[-0.4607435858564126, -0.285460101822713]
[0.8508507521236744, 0.27574453121606746]
[0.5398241902425502, 0.10625159075442381]
[-1.3033458305373187, -0.9390502022308862]
[-0.4257801277107178, -0.3049577863322559]
[0.03201218470026479, 0.12887789669238947]
[1.4355863262731816, -0.05881450540820177]
[-0.09662632847418284, 1.136818975329342]
[0.2225492788590514, -0.37913202347977754]
[1.151126515896157, 1.1426670175030706]
[-0.518143142364733, 0.17163635689253676]
[1.6476460793056922, -0.08885664748942979]
[0.8495086083520467, 0.44616675065898614]
[-1.3080275016816105, 0.2969923335225937]
[-0.6683108922509429, -0.15504143431831763]
[1.0506440574778004, 0.25011242187604354]
[0.8940132767409497, -0.819420824772797]
[2.0898809021345124, -0.1130911711637137]
[1.827213309982008, 0.15675493365784887]
[-0.1665933885665014, 1.1177422534674202]
[-0.40897719453345316, 0.594354629322988]
[-1.0818887961600852, -0.18081225667884449]
[-0.20550714345126997, 0.3722791432575248]
[0.4627808392188839, 0.3726022203035203]
[0.8045751417022973, -0.6150817990467264]
[-0.7434021572390276, -0.43890954423134226]
[-0.7065709804342892, 0.12334633486634028]
[0.7627452083489609, -0.4460346941177644]
[0.2843244542623594, 0.49390358587748173]
[0.20705560452854893, 1.4323072039115035]
[-0.25460496827352375, -0.11687608016599005]
[0.23279080518987327, -0.07091527418119536]
[0.2730176093518726, -0.16993141721998994]
[-0.18983378640209675, -0.7922013882334645]
[1.1528346769512445, 0.16194413219519926]
[-1.1906044635595041, 1.4376656972842123]
[0.9068502350896765, -0.4685821789322201]
[-0.7273808186930608, 0.14114451487682322]
[0.025703413120010787, 0.466259403558253]
[0.22100103532361065, -0.13730388606138022]
[-1.0219587729602075, -0.1070431394904845]
[-0.034974046138857906, 0.9335669026342241]
[0.05613338802232559, 0.008145199774734713]
[-0.3677397232579682, 0.5140830884834985]
[-0.03147600851849097, 0.32418878496808223]
[0.16789776633285675, 0.4369346456449431]
[-0.1426942417835011, -0.9944575177581139]
[1.1381914355350813, -0.28936189832559744]
[0.04267374523919287, 0.9778457058989418]
[-0.10061777604203048, -0.21443036421147277]
[0.12125094857218532, 0.9398255099729433]
[-0.13710868235509754, -0.1418096095596254]
[0.07546483882511101, 0.7073755439080491]
[0.42776674098698136, -0.09303651793363266]
[0.7240289332342644, -0.3228698361770844]
[0.11159578520516256, 0.054681455569931314]
[-0.4882378025588029, 0.04868493147498748]
[-0.5360243016519799, 0.8593847140800023]
[0.1547978513067222, 0.5561353507293654]
[0.382849232579473, -0.06199178666463745]
[0.13087361804971853, 0.7914912828771896]
[-0.5566847338214317, -0.6132343749386185]
[-0.2609092375734451, -0.9584659950296099]
[-0.32767744559586526, 0.18579150884461493]
[0.8326699754810076, 0.16391890628033595]
[0.06105331060172342, -0.5362738989780095]
[0.30881089189525157, 0.5488977992606056]
[-1.1062189441605894, -0.029253647587330955]
[-0.14484206714019532, 0.09125537743942402]
[-0.9869198386037816, 1.0168628748993993]
[0.49063181829167424, -0.6383139891431782]
[-0.4022752206611919, 0.4615419846022928]
[0.5567675153780308, 0.06372693431437748]
[-0.09607954301465033, -0.870176788233476]
[0.06886400209166144, 1.011690793813967]
[-0.7740499989412033, -0.06842571852505674]
[-0.5161010170181829, 0.21524109341245554]
[-0.4919545781755181, -0.7117934747010202]
[-0.31357859276338085, -0.3726267458730157]
[-0.10143682426856104, -0.22897759248374794]
[0.6485797361259749, 0.04172843085916107]
[-0.007793717230714758, -0.2232765705205364]
[0.1535609231530446, 0.5342637593357392]
[0.37729029342934184, -0.09409248652247659]
[-0.26503754182064243, 0.011043276151143186]
[0.7335319480700228, -0.5044689432059599]
[0.18428518953534767, -0.07132864915726098]
[-0.9106497781745162, -0.111008283394327]
[-0.2285002873367099, 0.25437706018005435]
[-0.22993765076617878, 1.0581703707472827]
[-0.0885240735937628, -0.14639090061434895]
[0.9539528430867239, -0.0639662700394561]
[0.15325604130425252, -0.466498954100034]
[-0.486881712009849, -0.7233815558728836]
[0.14350557871864866, 0.08237844797236471]
[-0.9742246598743379, 0.38996011997409163]
[0.48631137208221037, -0.9668509483494198]
[-0.5229033605757919, -0.4808882681392974]
[-0.3828643046027801, -1.1966115988647323]
[0.7170575193503494, -0.9290082406027875]
[0.047312008467681355, 0.4132460858852359]
[0.2563108612867572, 0.028778811882752775]
[-0.0315177625778883, 0.20846631329476345]
[-0.5614556922097877, -0.27694125968757627]
[-0.19198873469608013, -0.27379016391711036]
[0.024084051832325648, -0.6252797917179049]
[0.2961097854945618, -0.40494977859205983]
[0.09402003205253862, -0.24216915916192716]
[0.8548222611495968, 0.23911333985015432]
[-0.6025784920015943, -0.33962628184722843]
[-0.21867420742659416, 0.3745968130478483]
[0.7540687876763978, 0.543234819546019]
[-0.3633885196325808, 0.037030876047417546]
[0.5563457745215658, -0.18871036138685415]
[-0.25231682397931754, -0.385286737371368]
[-0.5978929366441628, 0.05567058863753849]
[0.27325585226454197, 0.0376356718008168]
[-0.24477408571162507, 0.6052147949152074]
[-0.23266176014824747, -0.24549124991171556]
[0.21028435730166528, -0.1684417070588849]
[-0.6772565342396553, 0.12362394460900625]
[0.3953376011576437, -0.2320248723865873]
[-0.7471402740773958, 0.40562740254216423]
[-0.014491958368140434, 0.6117324554143878]
[-0.1297567054595038, -0.11769229275683202]
[0.37620894971270835, -0.1131760855955834]
[0.1441500674829661, -0.36725980659251906]
[0.15577818585411962, -0.1926616498972643]
[0.24289930628446454, -0.45518157261630565]
[0.08498351461093168, 0.10514934304657264]
[0.06070425249014155, 0.01941647116885549]
[-0.05144564093401782, -0.49459862141732647]
[-0.2398910346667278, 0.06419210071825396]
[-0.19849396877130926, -0.03143554635318879]
[-0.25296519925548366, -0.10591306873698396]
[-0.1604614247146504, -0.31520165177070925]
[0.7197764084050259, 0.15275759239865738]
[0.2926866383543212, -0.2201287946762025]
[0.5750728078595935, 0.40211198790223474]
[-0.18187673394768478, 0.18207197267771869]
[-0.3926973024389223, 0.16914912439645768]
[-0.25854327457974235, -0.11422919077095844]
[-0.02023923973525843, 0.044086911114074534]
[-0.14895962873424012, 0.28233638454198773]
[-0.07739076558508118, -0.24249010220728184]
[-0.19156312679432802, 0.5806703987920834]
[0.3323232273490686, -0.06731746027626889]
[-0.3336040330484448, -0.45509465218529155]
[0.20695890921073123, 0.017190737728032535]
[0.29977268882714747, -0.18810000590607412]
[-0.3645230126383082, 0.13592950985354885]
[0.21654827536951526, -0.022873447520295687]
[-0.3652815556605773, -0.07415060321335212]
[-0.32246038072594924, 0.07997744455151673]
[0.43546621666312957, -0.5086418185760402]
[-0.07144394720170888, -0.3161313712418347]
[0.24903787107809883, -0.38309726162229624]
[0.39819100815129105, -0.5641196316684806]
[0.24098487647755973, 0.41931201731293877]
[0.06870571396089109, 0.3099355042358567]
[0.2161787973336824, -0.06109219634296059]
[-0.05750962566419182, 0.31084179304699155]
[-0.4944022964586069, 0.17147689815727132]
[0.28108049200936525, 0.1528313585406319]
[-0.06993240913848642, -0.004290738786436127]
[-0.03794577954981626, 0.2680263334895556]
[0.38359964434652455, -0.3564082736603185]
[-0.16835212052152898, -0.43057995240476954]
[0.46001540803734975, 0.24237718757235815]
[-0.641923593184679, -0.32194620594839696]
[-0.14018010970459427, 0.15319987555803832]
[-0.194527875408105, 0.17792901303345626]
[0.2245657797546754, -0.4114411400499447]
[-0.3037480888959418, -0.4871052177990171]
[0.07725044426551131, 0.013429498100194531]
[0.07505084279390051, 0.19299818101992727]
[-0.28418551855256446, 0.4321238372186895]
[-0.3683807862707741, 0.1480167798992975]
[-0.2885973384159569, 0.3563525855930515]
[0.11564811586484602, -0.21149352109753333]
[-0.019738316015753488, 0.4574397831121779]
[0.2503233655781324, -0.015996763253994684]
[0.10860354784975834, -0.10345605689466297]
[0.33476746050238915, 0.09419409058769207]
[-0.010228946694542218, -0.1672541818956781]
[0.4834885319705803, -0.32274879557485997]
[0.45222582910033393, -0.242521490432617]
[0.025253704557751222, 0.057377758105488064]
[0.004942589453069135, -0.18396924849656238]
[0.035448111125788606, 0.026139127532429418]
[-0.05514438688457213, -0.22690653578115283]
[-0.2619416357958221, 0.03725904027958371]
[0.0620150830212326, -0.3436046370522695]
[-0.13241187420471517, -0.17640860119185234]
[-0.0579674359712935, -0.07394522659729674]
[-0.0997115121227099, 0.10573812272363875]
[-0.028386576169723732, 0.46616269089916695]
[0.4109922620834787, 0.3778608444154642]
[0.038949344502204, 0.058993795526950915]
[-0.15458400736915834, -0.1795941228700118]
[0.12386176873197097, -0.18120940181250533]
[-0.0841393133777415, -0.1582038801221555]
[0.1467456700768528, -0.27858661367054827]
[-0.08528688909339, 0.4312210578901812]
[-0.07958014396021484, -0.22017589167032042]
[-0.2624127021730429, 0.3894414606414894]
[-0.550341018913828, 0.2879112381142655]
[-0.15424599852617704, 0.038746439808717115]
[0.1198553193878028, 0.6030646550903498]
[0.1547102208734369, 0.2930729619544202]
[0.0588508286690379, 0.16172818849491544]
[-0.0749763555163544, 0.08822828254272902]
[-0.1702768844787157, -0.08282575009846288]
[-0.128703183420325, 0.3667527358143574]
[-0.026780436426247722, -0.17953788139262905]
[0.3375498200589149, -0.1704808411521606]
[0.007465456439005647, -0.012668635815500373]
[-0.4620288216068099, -0.21908543084722817]
[-0.09099000558521808, 0.4572151753233386]
[-0.21626253922249994, 0.6758127457522392]
[-0.02955600474949016, 0.04736313459668451]
[0.25470617194462886, 0.270973978158144]
[0.02654019294183174, -0.1637419861586059]
[-0.1042305138649684, 0.0032444751187015175]
[-0.09251862859546, -0.04026552380010212]
[-0.036399941514585143, 0.25204870498640664]
[-0.02024607274549073, 0.14473715426055]
[0.10520626280858991, 0.29968475039750986]
[0.005980983724359068, -0.023732814830308202]
[0.012515951906252432, -0.48277034612638065]
[0.08559715164311099, 0.09008639071856828]
[-0.15922011192501884, -0.0028708048512700035]
[0.12452361827263037, -0.11449775598337714]
[-0.23426364023627366, 0.2217226016495187]
[-0.170819464106156, -0.2566139714924813]
[0.14079579678969012, 0.28525738375157733]
[0.11052980426682002, 0.2293328310160086]
[0.36619946497350153, -0.2619215021341883]
[0.23567029305013765, 0.30237882100941466]
[-0.5403660108354563, -0.13929534888991088]
[0.17085181095999113, 0.016072491135743106]
[-0.5730650303866575, 0.05225325645831558]
[0.10987646207414192, -0.09175520660876968]
[-0.3070356610489491, 0.2099960606505408]
[0.23709928335109326, -0.007287283870879568]
[-0.07654107284040157, -0.05706588733215412]
[-0.13978311142995536, -0.13392090144842045]
[-0.22978718183148011, -0.038724947378139696]
[-0.2272543206562847, -0.03642772727840293]
[0.148229516826207, 0.33633957605981435]
[-0.43217793747568944, 0.02510282065175573]
[0.17677366163262553, -0.10018466686164165]
[-0.16547423587928267, 0.057880575510893595]
[0.127918657917375, -0.026896803339292175]
[0.21308845475007504, 0.343439682393503]
[-0.33954674724189515, 0.03105013304532253]
[0.23175450351598814, 0.17189828808883495]
[-0.047293229725761, -0.011513037223311762]
[0.32474969892469996, -0.030031877351961]
[0.21701605667679835, 0.17959685391155136]
[0.321714660299586, -0.04150264282144106]
[0.37936126352824806, 0.29034214172644174]
[-0.23374704031349824, 0.3043279072196076]
[0.04683677938024189, -0.07266687275762818]
[0.10699188535888182, 0.029195436352066395]
[0.039511073112664, 0.08244742528164939]
[0.3240785372163783, 0.22343254939276552]
[0.0026761618933588416, -0.011706162717346036]
[0.020112166444102186, 0.2346274237690948]
[-0.05567008672510099, -0.1833088966897418]
[0.11920261241159275, -0.22442393022593632]
[-0.10475051169030009, -0.5728664297413744]
[0.12177247170401917, -0.20238718623665236]
[-0.2934835229211315, -0.23589349873564136]
[-0.024737439619623325, 0.16213387655190326]
[0.07342573098648153, -0.1256916466150693]
[-0.07453098882273296, -0.03628141121259981]
[-0.14248361746521093, -0.1749288719595303]
[-0.2960007810173902, -0.016703285236163212]
[-0.07491950318679624, -0.04131732544852304]
[-0.11667444273168914, 0.138755286338352]
[-0.04274857095672502, 0.30496193943187117]
[-0.0016697262783995637, 0.046276117019240226]
[0.009686085753872642, 0.11471376248896298]
[-0.1920742921932122, 0.1106739475929932]
[-0.05634699563366585, 0.036195802082589906]
[0.2603931991155485, 0.024928993700996604]
[-0.057115010690971024, -0.2796158077395475]
[0.11878996275065529, -0.3301109823832184]
[-0.1888893722861233, -0.15053286489684056]
[-0.1432032094120309, 0.030369559224555254]
[0.18108028096058915, 0.3167605796815666]
[0.20368973335611462, 0.16330182272560667]
[0.08677742556484558, 0.09554061223182866]
[0.4218509122922145, 0.15722274091121669]
[-0.18290202967280922, 0.31281349501571476]
[-0.007660941800768095, 0.0414821522899716]
[0.07578968332849867, -0.006858046961129488]
[0.1869620116381573, -0.1188745117254677]
[-0.10180382641354163, -0.3852176561317977]
[0.15827936899425044, -0.12243840307890291]
[-0.0013181921351674841, -0.4080146058284625]
[0.018133054518778002, 0.10007573451190133]
[-0.32504294626911995, 0.09634262464755833]
[-0.1994406686150087, -0.11484073415533902]
[0.052340836964281046, -0.04692108525690642]
[-0.06154121948370289, -0.08372285840637517]
[0.15109907623012275, -0.015865904379929567]
[0.002577644197473694, 0.17068513187365536]
[0.03568144194186362, -0.02698597810322139]
[-0.21829261473633332, -0.00950144137552733]
[-0.20001127919697004, -0.24957823505625326]
[-0.13457816488899205, -0.0806000157383483]
[0.0018876719683819099, -0.08291950064992465]
[-0.06834717269395774, 0.14933882789681308]
[0.004285172323340913, -0.3033569414185919]
[-0.14110015302202394, 0.1952778746504622]
[0.14035534382949988, -0.21804961694944938]
[-0.09254209268787655, -0.11479764757258137]
[0.038800485175035926, 0.04498552955702201]
[-0.1008796323382205, -0.07122167026252268]
[0.09169079735826652, 0.20957269507067258]
[-0.22060029796872088, 0.0011263625058088866]
[0.2951321796599914, -0.17944085940002608]
[0.09378791813350809, 0.010133255954189735]
[-0.2339941313535641, 0.015289570943588127]
[-0.07654293330947304, 0.00957404422135999]
[-0.15857391381742247, -0.29355222663135805]
[0.17175493466699868, 0.12079536008306346]
[-0.26614306121556275, -0.2139583514691781]
[0.16866806524071493, 0.03376088875617539]
[0.1244527964999515, 0.07114394858316417]
[-0.19375193152049175, -0.058307235247831546]
[0.2634747095625169, 0.10853782151786845]
[-0.05820321116037319, 0.16767628297233905]
[0.24383650322579115, 0.10346674419526881]
[0.07756475079759342, -0.13724640357351509]
[-0.1579624421880823, -0.2512328232586165]
[0.18887413637297795, -0.1897173555336799]
[-0.02686565953663378, -0.10981598255754851]
[0.22780189247858257, 0.030973260104276257]
[-0.004921111898381958, -0.049948107248818464]
[0.10024998166043592, -0.049158865602280055]
[0.11249151576170707, -0.02384652153364651]
[0.008485151445815242, -0.24051751694869694]
[0.27352527646431857, -0.1276238528300218]
[0.03358963729728248, -0.22566991786476592]
[0.10153291080890653, -0.01156420945542045]
[-0.16872840263714634, -0.11804709295616056]
[0.1088363405863183, -0.03470883160145556]
[-0.062963352448762, 0.06372134965306003]
[0.06849421893932334, 0.0743837211634797]
[-0.11437445496405824, -0.16253102381227247]
[0.40694948867773856, -0.10599370914974743]
[-0.10840332302781319, -0.11395507825419965]
[0.14625948144093237, -0.04934520788510041]
[-0.27011556832221245, 0.17374254198925204]
[0.14330985043790395, 0.03939617334589798]
[-0.22979388508746001, -0.06286916784231772]
[-0.05842732995339783, 0.0022170545516672566]
[0.03373441611449898, 0.011973744478566306]
[0.05343686670862474, 0.25215935045731847]
[0.018672949220698287, 0.11089676367762663]
[-0.03742215772214308, -0.10223292011510013]
[-0.1615364022916488, 0.03141607201629171]
[0.022231593781460668, -0.06539094604636801]
[-0.09235204466525615, -0.07011561619033013]
[0.11908815032287556, 0.09581316781387339]
[-0.060112574745774, -0.014388779906376103]
[0.1950171535913403, -0.008149316921485697]
[0.00296484653122725, 0.019109290482989538]
[6.034925321285467e-05, -0.17675489079803056]
[0.17932848970285725, -0.06723370330244838]
[-0.11962330060922988, -0.08317014104242429]
[0.11171223897655147, -0.11698712099472586]
[-0.08791136219334789, -0.0108721878216059]
[0.001556540078443136, -0.21178662384505875]
[-0.01844084200727414, 0.11604669225039885]
[0.03254887928289954, -0.10933473549006856]
[0.06075511083767299, 0.026891695621917483]
[-0.014998519806286331, 0.04141140479664224]
[-0.003630417736589786, 0.03901160989087395]
[-0.20453528667152904, -0.06000602519118564]
[0.18105531890368054, 0.12704272218612458]
[-0.04370764839289307, -0.11694097492462652]
[0.19830634287184323, -0.07861301810049995]
[-0.17606886905335595, 0.08794733500748841]
[-0.1003484894269169, -0.08836840983515906]
[-0.031139037999101865, -0.11647266698238429]
[-0.004099724823897755, 0.03454063118030473]
[0.18064183693019814, -0.0033910784417875983]
[0.10028511843333832, 0.1404576566539973]
[0.019112212262806683, 0.09526676932134209]
[0.015329067644999195, 0.14845307403509556]
[-0.049914789324626535, 0.15610017983003704]
[0.17635810089087395, 0.011493447237184568]
[0.031800251473452834, 0.1195811864970012]
[0.04941014683643269, 0.11608134437935463]
[0.06637435626549792, 0.13587641341512416]
[-0.004835081396679597, -0.04963706406054255]
[0.11455131877417682, 0.2078968393394129]
[-0.001486856841616091, -0.05335263700396123]
[0.0716632319151558, 0.02460274657784517]
[-0.1127941158446307, -0.04475406345259052]
[-0.1719847026397573, -0.13131300945641705]
[-0.04386944148096994, 0.05020247645552252]
[0.042288642867294, 0.049588348744842414]
[0.0656818163402777, -0.08206645372466637]
[-0.01606539297562254, -0.028683045368568916]
[-0.13306064881997362, -0.1313044447949193]
[0.0352080808436927, 0.08657482411687084]
[-0.08125746690290483, -0.025594442277705548]
[0.03264208133168328, 0.10768639000449509]
[-0.19640622444823663, 0.05650129054113456]
[0.0969305688127497, -0.06363104057334978]
[0.005674952148491674, -0.05088608909979629]
[-0.07945557808862723, 0.024630564531270438]
[0.0936950748084413, -0.09983056159821793]
[-0.12196319612428544, -0.2934280522582025]
[-0.19693990599010003, -0.03440479184827758]
[-0.08501424489770068, -0.1941381109094069]
[0.03405687545927899, -0.051114153745196705]
[-0.062964621875978, 0.04661543154331749]
[0.18328040353177188, 0.1134596562685928]
[0.02749439087500237, 0.03441749975209729]
[0.007763806542833984, -0.02815871031977832]
[0.06625720356397956, 0.032555047539167825]
[0.2202876984395697, -0.021970693500219476]
[0.04299100013619546, -0.003533531711384763]
[0.15207423062329445, 0.12498189106090331]
[-0.01259361243790412, -0.20120262175952386]
[-0.16755039640293326, 0.012583380881794046]
[-0.05153899825068799, 0.09860610923784019]
[0.00036417292984339267, 0.06774067910607348]
[-0.061770476736198385, 0.08299901651774161]
[-0.1456486246357504, 0.047787717249471784]
[0.06662779338407566, 0.12334868696192677]
[-0.027273317149717757, 0.08051986010913058]
[0.19059867281711454, 0.22970232263715978]
[0.05374087381654111, -0.006456915512746242]
[-0.032322772310459894, 0.06672333534822983]
[-0.053338410718245355, 0.031040030467829854]
[-0.07949003871343004, 0.02814330615533034]
[-0.034653928784073224, -0.08643750723140264]
[0.025252936516125882, -0.07496411022053473]
[0.014553230514759041, 0.004066548112752852]
[-0.1374073428526755, 0.030666997142497543]
[-0.015761833521621915, -0.09665481091308945]
[-0.12662752841810357, -0.06809681753617886]
[0.012598222718063545, -0.07257413017304189]
[0.048562234753226866, -0.07001057546463446]
[0.043776904483133566, 0.13076346421152235]
[-0.014080427137635979, 0.006231164525303479]
[-0.08167950621363099, 0.08844839227121411]
[-0.11444883896748567, -0.011453289817453027]
[0.053405038812661065, -0.09935262836765696]
[-0.1458500926806017, -0.0841307231623108]
[-0.008613390063866327, -0.13137172680764964]
[-0.20665582166180543, 0.021765151774822078]
[0.09871217071770305, 0.12033823015830208]
[-0.10482379062842698, 0.013370995958331355]
[-0.02259988578850375, -0.04048985962097916]
[0.0016385313803858464, 0.07667680899936369]
[0.02969091909156496, 0.07164670112594924]
[0.03590051837873875, 0.2708530356306085]
[-0.07012311538009977, 0.137605470541239]
[-0.021983988939366532, 0.05250541864147959]
[0.010194640862630472, 0.03855776925040903]
[0.04782841394384531, -0.06094072402669426]
[0.02427033461184866, -0.07400108512038624]
[0.09875392224695125, 0.0151942878673626]
[0.032717456224945984, -0.07925141624602243]
[-0.04311977089684124, 0.03613435337875531]
[0.08089215121179019, -0.1389911332553485]
[0.010931387566244816, -0.030230070702881667]
[-0.009785693867895823, -0.006205204250989749]
[-0.05771531795323641, 0.013065730376250834]
[-0.005232202785565632, -0.020002430980081615]
[0.11842046735440902, 0.044601087565730335]
[-0.06903187696526747, 0.029857073599555112]
[0.14531092052877864, 0.10760217219635737]
[0.0033716130681715473, 0.1632683561189426]
[-0.07726091936282214, 0.006367259449443552]
[-0.08907178505221611, -0.12858438977603595]
[-0.0008608323054074638, 0.025918500616422147]
[0.07005917672386205, -0.1541526461517012]
[-0.013475980672061384, 0.0809825180597766]
[0.12998726817855, -0.029853197838666412]
[-0.16866975911230556, 0.04334443932756035]
[-0.018982248945012548, 0.039355571444430845]
[0.11030437216908065, -0.04869948136205887]
[-0.059468823492745876, -0.007329667629902864]
[0.21029782109201203, 0.0339223477706595]
[-0.010507448045355805, 0.03022511678016601]
[0.028696620872292022, 0.048078407135789425]
[-0.1225298215170521, -0.08223330692817316]
[0.038504460921689715, -0.020835766508258857]
[-0.010966923496122022, -0.07660243998678533]
[0.03052116436118332, -0.01371809035383495]
[0.2237650803934511, -0.14910391976833387]
[-0.052231367989856003, 0.05531412565339294]
[0.09118106446688057, -0.05000292710135845]
[-0.048832225476044676, -0.07116480663490693]
[0.05494791604913035, -0.01746083676890653]
[-0.002754323488007266, -0.0916900344424379]
[0.021982790638018335, -0.019915095304034278]
[-0.027314443345534317, 0.011715294453444408]
[0.02880040205827457, -0.04736339417831606]
[0.012113784660750727, -0.10660639832300142]
[-0.025819346909126697, -0.011541674135086277]
[-0.02703416721685616, -0.07358663515183989]
[-0.042198602763991, 0.05629765544461241]
[-0.07398735821629843, -0.020563245839206767]
[0.05926110620176908, -0.19569028250411125]
[-0.008673940240576388, 0.045003385533703366]
[0.02418235522567365, -0.1914783712769443]
[-0.021854076830624763, -0.02314100983316386]
[-0.052380848957650106, -0.02161652073270595]
[-0.020821848995674505, 0.0012646357160209232]
[-0.02230578194764031, 0.08732224821198513]
[0.17119099001381127, -0.009696462863714395]
[-0.060195913715252986, -0.04761495785968467]
[0.17462598246163122, -0.049234301914706013]
[-0.042640255339613894, -0.04490738348270751]
[0.019407839039561083, 0.01838238754218785]
[0.004537626350944235, 0.028793836047152764]
[-0.010325979397168034, -0.06965860591266476]
[0.07857224105320582, -0.00626748686672407]
[0.033105132862992076, -0.13873048244243255]
[0.13308283818611333, -0.13431432389935294]
[0.024466304098854613, 0.09446734113138683]
[0.04622704523823025, -0.05000521376864986]
[-0.043559318614940765, 0.11623727022840405]
[-0.0766879499891162, 0.014025530106266393]
[0.09936646841515509, -0.06993368148333223]
[0.0570729867979317, -0.09028152284194273]
[0.04192700415515609, -0.029858963969841584]
[-0.00410543361317231, 0.03384035551892632]
[-0.062309875693384885, -0.1137567082745542]
[0.04947898993312885, 0.05432633296090031]
[-0.1810232361172328, -0.029032363617416623]
[0.11267161850060195, -0.05145543248421519]
[-0.055395808052266876, 0.05704004695308865]
[0.003420336634306749, -0.06316564328797744]
[0.027926299543927592, 0.09419659642505836]
[0.02604957892298209, 0.04680623476706518]
[-0.02437778734920885, -0.03751712822913707]
[0.04545933478115104, -0.01373481685931463]
[-0.07199810865039828, -0.13098797571359458]
[-0.08021010802203547, -0.014534321821124949]
[-0.015294885067615102, -0.13275202149645815]
[0.009627110555559898, 0.10750689514228301]
[-0.06508893523365915, 0.0329553158686417]
[0.06284748145190325, -0.0033856469336731726]
[-0.10939788910547286, -0.024292720136443485]
[-0.06719949618379431, -0.053954141934097935]
[-0.014045459286238189, 0.056448244640254205]
[-0.02082229247286075, -0.041209448339799365]
[0.060963026910822574, -0.03047709568342763]
[-0.012475693539414981, -0.02768577443737133]
[0.1583597847851683, -0.02345635894967299]
[-0.058959781112988593, -0.04429623667942729]
[-0.013508499027657488, 0.08444982890173129]
[-0.05908564449413581, -0.08835069161943426]
[-0.03243358420684842, 0.023758509270152495]
[0.01412599318644175, -0.030448564383656854]
[-0.09895267263400173, -0.13667690349877554]
[0.08408152712194877, 0.007623107586269148]
[0.1004452586829729, -0.037151987139139725]
[-0.03175311239613089, -0.05862933249648093]
[0.0827450763092367, 0.12921471531382117]
[-0.014034727469871097, -0.07384580004735394]
[-0.09850393794269878, -0.06895138410291365]
[0.11078255096330138, 0.006064707775974405]
[-0.08877072541365283, -0.08920885190866684]
[0.06810404978557838, 0.013440215748712542]
[0.03554168853297148, -0.08914936068072096]
[-0.050352924443328194, -0.005093806504811532]
[-0.08729413583365965, -0.004016358085509375]
[0.053980159909593005, 0.017959559058617965]
[-0.1209193669619672, 0.007023899716304419]
[0.11216635491213572, 0.07747561528320027]
[-0.05787182069254331, 0.0510268940617041]
[0.05738921249414619, 0.12945257371545746]
[-0.05473692410760489, 0.06653030975425364]
[-0.005404553848898968, 0.03378338347591505]
[0.011809157843374048, -0.004879733362133813]
[-0.03306819174155302, -0.02923850809649892]
[-0.015697066113538237, -0.11137071110778421]
[-0.0580771346892701, -0.030569073697348022]
[0.08078179084166187, 0.019835922448418926]
[-0.0029798500659297383, 0.10104192538763536]
[-0.02444484182179823, 0.12480198331629429]
[0.02105773944104492, -0.00029774570151058777]
[-0.07014857215599196, 0.005133527912682227]
[-0.02172425651808412, 0.029322949088772178]
[-0.021840148398756355, 0.022118417147174954]
[0.0013962803432096358, 0.06433063724590579]
[0.025873434367195875, -0.04199788300406334]
[-0.0204562928756713, -0.08128880320211718]
[0.024534700133678318, -0.0008480281168311635]
[0.08686427191133463, -0.10515968160895432]
[-0.022693114486305545, -0.07558961647983783]
[-0.022233130789512397, -0.03196768344974641]
[-0.031359329133531705, -0.08305182849906098]
[-0.07414083719501215, -0.04714930985242369]
[-0.02210629211074682, -0.026242834771138798]
[0.08983958770316339, -0.0036956518405411604]
[0.03189285762049172, 0.008317173638258839]
[0.056625770893909265, 0.061865088550491824]
[-0.08135230547531976, 0.02491113494279303]
[-0.008425173848144488, 0.06377973945227938]
[-0.05431269479651915, -0.06804319902968142]
[0.032225988205079124, 0.034102263138289186]
[-0.03046711824265805, -0.090391406524826]
[-0.09153293469982547, -0.04086790217166549]
[0.052182073111153054, 0.051609388299387084]
[-0.12054422232765159, -0.05027776944874855]
[-0.02950153844151116, 0.09494093832334854]
[-0.037534472228157714, 0.016766399609853037]
[-0.08903391863404041, 0.016447814147291292]
[-0.03915674335343661, 0.079222711564691]
[-0.021155873920123903, -0.021173322920782445]
[0.048559527900136235, 0.06302283434134323]
[-0.003503598955392262, -0.03968369758203434]
[-0.0031754590772259637, 0.08029768651272037]
[-0.04457239197513149, 0.024668397506335142]
[-0.05047886040455474, -0.0005598676341192696]
[0.02925458521858742, 0.07949565877557117]
[-0.06518614893387548, -0.06920573776045788]
[0.07364690387595726, 0.07450036312319688]
[-0.01352173985001983, -0.020756997896518768]
[-0.04050404102113254, -0.02358725446316942]
[0.043483830904012435, -0.03986344839751031]
[-0.03812509957018717, -0.010240342045059098]
[-0.003603373597845353, -0.07489973699047675]
[-0.06230933775791878, 0.024064608051275346]
[0.06471907647154976, 0.022144344169429377]
[-0.049286162136122205, -0.006212562359528346]
[0.07408438247865996, 0.02042399078915677]
[0.0592602947029525, 0.01865272692669774]
[0.011009248115442023, -0.0635416286342803]
[0.07052673782957107, 0.05783958736740011]
[-0.004975939973357827, -0.0884361879867431]
[-0.04119983443001988, -0.03752962737914131]
[-0.06983503637463395, 0.015672187352151187]
[-0.11167935531062526, -0.003943211246486996]
[0.02686091397321043, 0.03360846579136341]
[-0.002364716063979682, 0.0020342533785982775]
[0.08855124911653246, -0.08816282924318201]
[-0.044935111394721346, 0.018706624182110977]
[-0.05459258134824795, -0.04067325305283222]
[-0.052425250362406285, -0.05152840267680804]
[-0.09557119565836164, -0.0008236952075802301]
[0.09053645327380257, 0.011468771633614955]
[-0.028738739105329935, 0.08100392643995938]
[-0.05948283420605066, 0.12185924404023399]
[0.012072221283093744, 0.0813978195349746]
[-0.02886538050621764, 0.00017541745832971856]
[0.05888898247697383, -0.02254874529005617]
[0.03395013303916907, 0.0005475589725052465]
[-0.018029052776601905, -0.001350093169391428]
[0.004884995650612935, 0.004268228319589652]
[-0.04913605344652856, 0.049690961612736784]
[0.007473481780140692, 0.04530547952419218]
[0.026366132320630897, 0.0067514977076353205]
[0.04468899712252577, 0.0705434223183444]
[-0.005892958150316662, 0.061747625620998475]
[-0.002716522507735259, 0.013049024672695135]
[0.010493438112780772, -0.04743435971406487]
[0.07347508419315152, -0.09173310885038641]
[0.02531730631655958, -0.07709845229273349]
[0.03610974349873333, 0.0286844714966637]
[-0.010402654759984468, -0.02328828994535162]
[-0.023913584965859963, -0.0374270055145738]
[-0.028399837917795448, 0.02351974262703159]
[0.04950329374363904, 0.08286047327282905]
[0.06024197945683922, 0.07740767683796808]
[-0.07240048479063722, 0.06816396458025761]
[0.07876201250375622, 0.03105827400767261]
[-0.011504434394774637, 0.0001158235394578544]
[0.02218147836524028, -0.040100818126358795]
[-0.06822342985138026, -0.007737706615183859]
[0.042960170019355495, -0.003600808787226989]
[-0.016177398331220824, -0.005112014904398804]
[0.017465234765109108, 0.043501125883225814]
[0.01807330637332332, -0.012299322495875245]
[0.05381277961052364, 0.06079872970090194]
[0.0772217025080911, -0.009708464982894995]
[0.047693172612007784, -0.033215229937838306]
[-0.0763349857935466, 0.048449765889282986]
[-0.050609826195419996, -0.05208121581966424]
[-0.06190067435868761, 0.004382220999857682]
[-0.07616645992932566, 0.09760239339228574]
[0.004848599715290697, 0.044977575649453705]
[0.019096532654974973, 0.07194271724382417]
[0.005609781462828645, 0.013654604335568227]
[0.05757983244014597, -0.06262290739520941]
[0.06204845091171046, 0.052249824772957185]
[-0.0829660021864955, -0.06780183004157152]
[0.02728711431857675, -0.04415964886743055]
[-0.07989644329173114, -0.018887752692244422]
[-0.022542796479011203, 0.029395065532312248]
[-0.0044861906424487445, 0.014308061581967901]
[-0.06765602617651156, 0.010543206850561329]
[0.06718714280142943, 0.00723217392030677]
[-0.03071420217855761, -0.00729517512531426]
[0.04145830853934207, 0.0260718211157539]
[-0.00356317785543471, -0.04542909919953438]
[0.057440680165767886, 0.0006696649638582575]
[0.02158081911024673, -0.025055018447658867]
[-0.014290761949000842, -0.060654297907410906]
[-0.01657865991995934, 0.01713040452500443]
[-0.03646682343309987, -0.024663296130989873]
[0.03475362004440277, 0.01579335665763558]
[0.02221595935365475, 0.038337472004536716]
[-0.005103846832736431, 0.06776465566614241]
[0.03232180605949876, 0.06668368798788155]
[-0.03651023846254489, -0.01439889172318274]
[0.010794656594077691, -0.009682668730047]
[0.011570607214003367, 0.01413189452297968]
[-0.01630385658458873, -0.01696499402452739]
[-0.0405653507223758, 0.029351325828055316]
[0.007432816356074779, 0.047384210741944155]
[0.03996579831599478, 0.0066262341303460065]
[-0.003924831717581862, -0.021761907697594077]
[0.048440757866591216, 0.0007705729359337304]
[0.009078358947147825, -0.051050262784723244]
[0.005814318300885912, 0.038419101191141614]
[0.006924302566171771, 0.028231568433865706]
[-0.017757695919959904, -0.01678018092420927]
[0.03852371702333549, 0.0013920273447773357]
[-0.03799695089154731, 0.015281824094234495]
[0.060078434684438506, -0.010660413115132633]
[-0.0016543157225817895, 0.012111880129541647]
[-0.033148794792389816, 0.048605834017440674]
[0.040866023927291606, -0.02552946860925122]
[-0.010504502499592692, -0.020670382987881875]
[-0.05994807117082469, 0.02215513306481856]
[-0.032339056596742105, -0.00953924221981961]
[0.01372795752524962, -0.07285778906568369]
[0.00852132111827935, -0.0112281321906062]
[0.024024850423604707, -0.04223132322648164]
[-0.012528033543607556, -0.0399248450700148]
[-0.04487058681353878, -0.025636039492206608]
[0.008810071092845507, 0.010104377555786637]
[-0.03615734863580827, -0.014634811625641508]
[-0.0065104932329163746, -0.002147779477173789]
[-0.01114354874089489, -0.006283785697548075]
[0.007467891750582174, -0.02658963492624411]
[0.030048933899486374, 0.011740096692547386]
[-0.03491937642510127, -0.05910743122894904]
[0.010111078876172963, -0.05380294139358682]
[-0.03817567768752105, 0.023508912137015225]
[-0.008237536328191061, -0.06803191092694039]
[-0.014016226247927987, -0.02790825168498723]
[0.04400605692187698, -0.09962250553162907]
[-0.054689408667228184, -0.010465436019753527]
[0.004027815607989926, 0.03746250404692186]
[-0.004607636212414931, 0.04494240659320525]
[-0.03579565274011512, 0.02515674493365952]
[-0.015080525725400872, 0.07530460615432197]
[0.008246029551792294, 0.012677378538049178]
[0.07960032877247102, 0.010671670875329747]
[-0.032578886344156094, 0.041323438652070665]
[-0.01598615252734676, 0.051211003405694344]
[0.03425560528588442, -0.027870183390240166]
[-0.02431814819748611, -0.011298604266297668]
[-0.02107923498103323, -0.036470650362255455]
[-0.0010855292872393174, -0.06515570278013688]
[-0.029198392868005657, -0.02016986260273318]
[0.03631785995567689, -0.0023737133044930414]
[-0.007870816806997638, -0.039814626507098064]
[-0.0003757783753798108, -0.05119701884790151]
[-0.01401221716315057, 0.029237914915936775]
[0.026910933580779728, 0.040784164937382045]
[-0.06261481584743347, 0.019016121369646283]
[0.006074704598782718, -0.012679951105949827]
[0.00311291228183308, -0.04903677381569872]
[-0.02735882022425816, -0.06918914062969041]
[-0.0218800522285508, 0.040746524856899474]
[0.008394131390484838, -0.01838185700501266]
[-0.035218328187090836, -0.06275406224632551]
[-0.023599603468027953, 0.019797909109746936]
[-0.05932052185766451, -0.047626681393876644]
[-0.005148071385718156, -0.02590224443199901]
[-0.03539485704585593, -0.01756687243531356]
[-0.044896283955817004, 0.025630002005699898]
[-0.014320165400471735, -0.03049354697124962]
[-0.0062571213038533635, 0.015322461826363154]
[-0.014463865219752736, 0.01894762281390129]
[-0.012555734374631887, 0.001296153835510211]
[0.026093516577953252, 0.00922062665653664]
[0.02570784856510596, 0.0644881023100955]
[0.009439405502590342, -0.0576277697606708]
[-0.016762839004170145, -0.001933612847983407]
[0.024363611528785772, 0.0452503837874228]
[-0.021574941718594372, -0.04839234231864398]
[-0.050092056477434005, 0.008844340455651467]
[-0.02041364622672607, -0.06474088548750981]
[-0.028001010612536653, -0.014215623583823028]
[0.0068723449469951445, 0.035887702205739086]
[0.044644592445569384, 0.057566765905090245]
[0.04032487574087432, 0.04367590230094545]
[0.06643805398367705, 0.010064564565120074]
[0.0018292742229184325, -0.02447397421816616]
[-0.026911284462605378, 0.005739121289421181]
[-0.002240459540213721, 0.007702148904986689]
[-0.004708691203297033, 0.007476076019687625]
[-0.028915352366859742, 0.04592558849918876]
[-0.03677508012370373, 0.005322442866257646]
[0.03548387049802351, 0.012616562092785]
